411.9
301.9
463.7
477.0
415.9
525.3
520.7
491.0
411.0
368.6
461.7
389.2
520.2
316.6
557.8
427.1
240.0
399.3
405.0
586.8
462.1
300.3
420.7
429.1
529.7
560.8
347.3
455.7
656.1
549.4
423.4
502.0
395.1
503.9
490.2
516.7
624.2
503.3
328.9
301.4
466.3
472.7
285.5
394.5
551.8
277.2
271.5
426.4
444.2
395.2
473.3
297.2
299.2
530.9
383.3
466.7
363.3
540.5
465.7
386.7
409.2
451.5
442.0
586.0
382.5
434.7
576.7
488.1
310.0
528.0
291.5
405.4
321.9
363.7
516.5
440.0
639.1
397.1
444.3
318.5
489.2
518.9
517.4
474.1
389.3
474.1
499.6
330.0
358.5
440.1
419.1
269.3
442.0
507.5
488.8
577.8
657.7
442.8
514.5
515.2
558.0
349.8
407.3
557.4
440.4
547.5
447.7
460.9
530.7
525.6
462.7
559.5
216.6
499.0
328.5
638.6
435.5
385.2
385.2
361.1
488.6
487.8
287.6
430.5
381.7
306.1
435.9
386.8
557.6
235.3
515.5
388.7
549.7
627.4
478.3
309.7
491.1
613.9
540.9
494.3
407.1
265.7
267.7
484.1
433.3
382.9
223.5
584.3
435.4
439.4
231.8
538.4
613.1
395.5
343.8
433.4
338.9
331.1
418.4
239.2
433.3
260.3
592.3
435.9
475.1
501.6
254.3
448.4
434.6
297.7
340.2
432.3
541.8
268.5
453.8
602.3
445.6
561.9
531.7
246.3
482.1
502.3
348.2
429.4
493.8
466.6
353.8
567.7
432.0
491.1
369.9
673.4
325.7
453.8
536.4
434.0
467.8
402.5
383.9
401.8
467.3
396.0
439.8
319.6
287.8
419.8
408.3
378.5
