783.0
211.5
531.0
144.1
576.0
202.5
283.5
256.5
720.0
118.9
351.0
607.5
522.0
472.5
760.5
499.5
562.5
198.0
873.0
127.5
666.0
72.0
100.6
39.3
900.0
234.0
486.0
207.0
715.5
445.5
108.0
823.5
225.0
724.5
382.5
184.5
432.0
337.5
175.5
202.5
855.0
351.0
706.5
445.5
841.5
202.5
207.0
129.2
100.3
301.5
283.5
859.5
504.0
819.0
531.0
139.0
877.5
643.5
819.0
360.0
846.0
315.0
679.5
351.0
261.0
306.0
616.5
517.5
148.5
158.6
21.5
261.0
508.5
274.5
544.5
607.5
697.5
585.0
616.5
405.0
208.8
486.0
310.5
535.5
454.5
427.5
252.0
405.0
292.5
207.0
427.5
157.5
145.1
877.5
445.5
706.5
342.0
828.0
247.5
522.0
409.5
895.5
702.0
328.5
99.0
567.0
738.0
184.5
837.0
324.0
544.5
315.0
643.5
220.5
256.5
526.5
819.0
711.0
630.0
823.5
499.5
657.0
679.5
522.0
495.0
738.0
693.0
693.0
774.0
52.7
409.5
157.5
850.5
288.0
886.5
297.0
274.5
535.5
576.0
621.0
405.0
77.1
850.5
828.0
150.2
148.5
760.5
648.0
769.5
189.0
630.0
364.5
427.5
841.5
702.0
202.5
423.0
301.5
459.0
297.0
306.0
306.0
504.0
463.5
684.0
180.6
868.5
756.0
137.0
130.5
895.5
472.5
589.5
693.0
810.0
135.0
796.5
805.5
837.0
103.5
328.5
378.0
436.5
549.0
634.5
436.5
297.0
391.5
288.0
450.0
643.5
175.5
337.5
247.5
531.0
819.0
751.5
585.0
247.5
814.5
63.1
337.5
279.0
828.0
558.0
37.0
900.0
189.0
