61.1
20.8
24.4
38.1
54.3
41.9
40.6
35.3
54.6
43.6
27.0
39.0
38.8
30.4
38.8
35.0
46.9
53.2
47.0
33.7
36.2
63.8
19.6
40.8
32.3
31.5
26.9
32.1
37.6
44.4
39.9
44.5
51.1
30.5
48.7
19.1
30.9
45.2
27.1
43.1
36.5
39.6
36.3
31.9
47.4
25.9
38.2
38.5
43.4
40.1
23.8
37.4
47.8
41.9
63.4
34.9
29.1
45.7
39.7
41.6
33.4
39.0
35.9
53.2
32.2
41.3
40.5
39.6
36.2
42.5
34.6
37.0
28.6
37.3
50.1
42.8
31.7
52.3
42.5
25.4
47.3
33.2
45.3
22.1
49.6
43.8
32.9
30.9
41.7
49.1
44.1
42.4
20.6
26.0
58.3
26.5
39.3
37.8
46.4
34.8
