[0, 15, 30, 49, 60, 67, 76, 92, 108, 114]
[0, 3, 4, 11, 13, 30, 34, 33, 35, 45]
[0, 11, 19, 18, 23, 22, 32, 33, 38, 48]
[0, 12, 24, 30, 36, 48, 51, 59, 58, 63]
[0, 16, 27, 32, 50, 60, 74, 83, 97, 104]
[0, 8, 23, 26, 36, 46, 60, 59, 73, 88]
[0, 14, 30, 36, 34, 48, 50, 57, 68, 69]
[0, 4, 12, 26, 39, 41, 49, 55, 63, 64]
[0, 19, 30, 44, 53, 70, 77, 79, 81, 93]
[0, 3, 17, 33, 48, 54, 59, 57, 76, 89]
[0, 3, 16, 16, 32, 37, 34, 36, 43, 53]
[0, 9, 11, 22, 34, 40, 48, 64, 81, 81]
[0, 3, 10, 25, 44, 48, 50, 59, 66, 83]
[0, 11, 14, 17, 31, 31, 34, 44, 57, 65]
[0, 1, 9, 26, 35, 50, 62, 65, 67, 73]
[0, 9, 13, 26, 42, 43, 53, 55, 53, 56]
[0, 16, 30, 31, 50, 50, 58, 71, 79, 84]
[0, 18, 31, 44, 54, 62, 77, 76, 78, 92]
[0, 14, 30, 35, 36, 51, 62, 64, 82, 96]
[0, 2, 13, 29, 37, 47, 50, 53, 53, 53]
[0, 9, 15, 14, 31, 38, 46, 62, 64, 83]
[0, 16, 31, 46, 54, 71, 87, 95, 113, 125]
[0, 3, 7, 10, 7, 17, 34, 37, 40, 41]
[0, 16, 29, 34, 44, 55, 56, 55, 60, 59]
[0, 2, 12, 22, 28, 34, 38, 54, 61, 72]
[0, 5, 14, 17, 17, 29, 41, 55, 59, 78]
[0, -4, 1, 3, 21, 28, 40, 48, 58, 74]
[0, -1, 17, 17, 22, 32, 44, 56, 65, 69]
[0, 5, 11, 15, 31, 43, 49, 64, 71, 87]
[0, 13, 27, 36, 44, 54, 55, 65, 70, 80]
[0, -1, 15, 29, 34, 47, 61, 62, 71, 81]
[0, 4, 20, 24, 42, 56, 56, 64, 80, 99]
[0, 16, 22, 33, 42, 52, 69, 85, 94, 98]
[0, 2, 0, 9, 28, 30, 43, 51, 70, 72]
[0, 10, 20, 34, 44, 62, 64, 79, 79, 95]
[0, 3, 12, 13, 10, 12, 16, 28, 44, 53]
[0, 0, 5, 20, 28, 41, 42, 42, 56, 75]
[0, 16, 32, 32, 36, 48, 63, 72, 75, 78]
[0, 9, 11, 13, 18, 29, 32, 49, 50, 60]
[0, 15, 32, 34, 38, 49, 57, 60, 70, 76]
[0, 13, 17, 20, 32, 36, 42, 59, 68, 78]
[0, 10, 16, 32, 37, 45, 53, 59, 67, 77]
[0, 9, 13, 15, 29, 41, 60, 66, 65, 65]
[0, 5, 19, 32, 37, 37, 36, 46, 46, 61]
[0, 15, 19, 31, 45, 49, 61, 77, 85, 92]
[0, 0, 6, 12, 21, 20, 29, 45, 61, 65]
[0, 1, 13, 28, 39, 48, 59, 66, 65, 63]
[0, 0, 9, 28, 28, 35, 54, 63, 76, 92]
[0, 6, 10, 29, 43, 52, 62, 73, 78, 81]
[0, 5, 5, 24, 39, 52, 56, 61, 76, 83]
[0, 6, 10, 18, 15, 31, 36, 37, 39, 46]
[0, 15, 28, 28, 39, 36, 44, 54, 61, 69]
[0, 15, 18, 35, 37, 49, 65, 71, 85, 103]
[0, 17, 31, 28, 44, 47, 61, 59, 60, 72]
[0, 14, 25, 41, 59, 77, 96, 96, 104, 122]
[0, 4, 18, 37, 41, 48, 48, 49, 54, 50]
[0, 9, 11, 15, 27, 32, 40, 48, 53, 56]
[0, 9, 21, 19, 30, 48, 61, 71, 90, 108]
[0, 2, 20, 23, 35, 41, 54, 65, 73, 84]
[0, 13, 23, 41, 43, 52, 52, 57, 66, 69]
[0, 0, 13, 26, 33, 33, 47, 51, 66, 65]
[0, 14, 18, 23, 36, 50, 50, 62, 61, 76]
[0, 2, 15, 25, 23, 39, 48, 53, 69, 85]
[0, 14, 25, 38, 49, 59, 76, 78, 88, 105]
[0, 10, 19, 21, 23, 41, 48, 47, 57, 56]
[0, 5, 23, 32, 49, 49, 56, 60, 64, 75]
[0, 1, 13, 18, 34, 48, 64, 65, 73, 89]
[0, 13, 20, 27, 31, 44, 59, 65, 64, 73]
[0, 1, 12, 28, 44, 47, 46, 53, 60, 71]
[0, 2, 12, 26, 37, 48, 56, 73, 79, 92]
[0, 1, -1, 17, 33, 33, 52, 57, 76, 78]
[0, 14, 19, 29, 29, 33, 49, 59, 62, 76]
[0, 11, 12, 16, 18, 27, 41, 54, 53, 54]
[0, -1, 15, 22, 28, 44, 57, 58, 73, 77]
[0, 17, 36, 46, 54, 54, 64, 72, 74, 84]
[0, 14, 18, 37, 40, 50, 63, 63, 66, 77]
[0, -1, 5, 13, 26, 33, 43, 55, 62, 81]
[0, 17, 29, 37, 54, 57, 67, 78, 85, 99]
[0, -2, 16, 22, 33, 46, 57, 71, 83, 99]
[0, 0, 11, 13, 20, 24, 33, 39, 57, 57]
[0, 14, 30, 35, 49, 50, 68, 69, 77, 81]
[0, -1, 14, 19, 19, 30, 41, 57, 70, 83]
[0, 12, 20, 23, 38, 49, 57, 74, 90, 90]
[0, 4, 19, 19, 20, 21, 28, 32, 38, 40]
[0, 13, 18, 26, 42, 60, 71, 82, 86, 98]
[0, 12, 20, 32, 44, 45, 55, 69, 76, 85]
[0, 12, 20, 29, 32, 39, 40, 41, 53, 63]
[0, 17, 16, 15, 18, 30, 45, 50, 58, 60]
[0, 7, 24, 35, 40, 45, 50, 66, 69, 81]
[0, 8, 14, 33, 49, 57, 62, 76, 90, 102]
[0, 3, 19, 27, 38, 42, 55, 70, 87, 100]
[0, 3, 21, 39, 43, 53, 62, 62, 65, 76]
[0, 14, 14, 12, 15, 15, 15, 24, 42, 55]
[0, 1, 15, 15, 17, 36, 36, 39, 46, 55]
[0, 16, 31, 48, 65, 66, 66, 81, 99, 111]
[0, 5, 6, 6, 20, 33, 38, 43, 53, 61]
[0, 16, 25, 33, 41, 40, 51, 55, 62, 70]
[0, 14, 21, 22, 33, 40, 50, 58, 61, 79]
[0, 2, 18, 29, 40, 53, 66, 70, 87, 99]
[0, 9, 27, 29, 29, 30, 46, 45, 62, 71]
