28
28
34
3
15
37
9
22
41
30
20
20
36
36
50
14
17
17
10
27

37
9
18
25
40
22
38
48
5
7
48
40
14
16
16
45
31
5
11
26

4
5
9
39
50
28
7
37
29
43
9
49
42
43
11
1
13
35
5
38

8
11
41
40
26
41
41
32
14
41
39
44
38
42
44
2
33
45
30
3

4
12
16
2
38
26
10
42
47
24
12
43
11
25
15
42
3
23
42
7

12
49
22
18
3
48
43
26
34
13
28
25
13
2
45
42
22
34
31
17

28
44
26
19
37
6
40
2
24
28
25
43
19
4
49
15
40
9
27
24

5
37
9
26
30
27
36
8
21
46
42
9
11
38
45
27
50
33
43
18

24
19
35
27
23
23
43
29
50
44
34
6
26
24
35
7
5
23
38
31

45
9
35
37
49
25
34
31
47
9
38
3
40
13
10
31
35
31
15
18

2
46
21
26
44
18
3
21
36
36
3
23
1
43
48
8
33
40
47
45

7
50
45
43
8
38
32
30
7
40
44
30
6
27
46
21
29
15
22
17

41
16
5
7
5
39
31
8
29
18
43
44
32
44
11
1
5
38
25
41

35
24
20
44
42
44
46
22
42
10
25
26
45
22
40
43
43
22
37
24

14
30
31
29
16
20
50
35
11
19
42
43
33
10
8
34
14
26
5
43

35
35
26
35
25
41
49
28
20
17
36
1
47
40
41
23
12
37
40
18

43
41
23
45
5
15
25
39
12
4
15
21
9
6
31
2
3
21
11
19

7
6
37
11
38
2
29
21
47
23
37
32
37
5
33
31
22
15
30
41

36
24
3
5
37
13
23
46
31
33
1
38
38
8
16
41
39
6
6
37

26
29
32
18
11
50
7
13
20
50
25
41
5
39
47
26
22
16
46
41

36
23
5
8
27
17
38
47
23
12
36
13
31
8
43
20
19
28
29
41

39
36
36
11
20
5
9
49
8
38
31
28
47
46
44
42
36
39
47
24

31
5
43
19
38
13
18
10
45
46
1
41
46
1
34
46
1
11
5
12

34
2
40
19
32
20
33
19
7
50
8
7
10
20
47
42
18
10
3
42

41
36
12
7
32
6
7
4
18
20
12
30
18
23
48
23
19
9
45
41

48
8
39
46
17
12
43
18
10
4
13
6
45
19
24
14
2
16
42
44

12
22
45
27
14
42
32
25
41
50
35
20
36
14
9
35
43
8
41
29

19
23
22
48
10
38
40
19
29
4
46
38
25
9
46
39
29
40
30
19

14
45
17
23
9
29
44
2
26
33
18
2
39
19
46
10
48
48
40
22

45
30
31
46
20
30
31
27
21
17
38
39
28
3
49
31
44
38
37
41

6
4
44
33
17
3
20
29
25
48
35
3
23
48
50
15
11
11
49
45

47
18
16
46
46
26
10
9
49
7
19
48
3
8
49
39
49
32
26
11

49
47
14
43
22
3
7
9
27
13
15
14
5
32
44
21
8
15
45
25

20
42
24
26
15
28
1
15
47
45
32
12
1
46
41
16
29
11
19
20

5
46
6
35
34
34
15
18
50
38
33
35
32
16
48
28
32
24
9
19

21
15
9
30
22
29
11
36
22
19
46
49
28
8
45
4
14
42
20
27

20
31
4
9
44
33
25
6
39
10
24
24
18
38
8
17
5
9
17
21

37
39
48
19
49
18
45
32
19
12
42
45
11
25
32
20
16
36
48
12

11
27
13
21
28
18
48
33
16
32
49
17
40
17
10
16
10
1
50
33

27
34
45
44
10
7
4
10
26
7
5
9
42
14
5
42
7
7
4
47

19
50
10
39
30
18
21
21
18
23
22
12
42
50
35
40
18
34
50
44

17
42
34
14
33
45
13
15
14
36
22
21
37
40
21
17
8
35
45
48

12
3
10
32
1
50
46
34
28
5
18
37
28
2
23
3
43
23
49
34

35
31
27
36
21
25
1
36
44
26
22
18
38
43
39
37
37
30
6
34

20
4
22
17
32
13
21
47
7
32
6
26
12
16
8
4
23
20
9
45

38
32
38
37
18
24
28
40
38
10
32
32
7
27
46
29
5
29
39
31

15
21
32
38
6
47
7
28
23
12
34
48
42
22
19
8
11
41
41
33

8
48
39
46
40
35
50
6
10
45
18
35
46
2
8
10
11
26
35
46

27
34
13
27
24
3
43
26
17
22
29
7
49
37
16
33
26
16
14
34

8
22
13
17
29
35
39
29
37
48
40
19
16
3
41
36
39
32
3
32

44
2
44
10
25
6
39
12
17
45
31
9
15
37
44
23
12
7
14
25

37
3
1
26
35
19
1
28
12
17
31
31
41
12
40
50
24
44
23
22

49
1
7
5
22
45
12
31
46
6
37
15
3
35
43
26
5
27
6
2

20
17
16
41
46
25
11
3
12
8
32
37
19
2
10
9
34
42
10
48

35
17
4
11
48
24
25
7
26
18
6
7
27
5
42
49
35
10
45
6

2
14
21
11
38
45
44
11
12
50
6
29
2
36
39
32
46
29
43
21

40
33
41
32
17
42
46
50
14
31
40
47
19
28
33
28
33
34
25
29

21
2
43
17
12
41
5
3
50
5
19
44
42
16
35
22
45
23
45
38

18
20
41
40
50
38
21
12
18
16
40
29
16
28
47
8
27
7
23
37

40
18
15
11
1
24
18
11
36
18
9
10
3
19
23
34
1
33
10
35

24
8
45
36
42
6
1
42
14
45
47
26
10
17
3
47
27
36
25
16

20
30
9
23
48
13
45
27
10
36
35
4
2
22
1
13
17
15
25
17

29
34
25
40
6
45
11
12
22
7
23
32
36
4
37
3
42
26
1
40

12
12
31
43
41
50
38
11
20
22
47
33
6
43
43
10
44
13
24
30

14
32
12
31
3
41
22
6
14
22
7
8
6
46
48
16
30
31
14
42

12
15
16
37
10
47
21
21
12
47
21
32
12
37
10
6
11
31
10
28

38
47
5
32
33
17
26
15
38
19
47
34
50
17
44
49
16
17
47
14

18
37
49
18
46
40
36
47
25
35
40
22
48
2
24
10
42
32
34
13

15
9
22
46
28
39
39
23
35
24
11
40
21
29
8
39
44
36
31
40

13
46
10
36
4
50
39
31
25
50
3
11
37
39
10
45
3
17
6
26

25
8
49
4
28
3
18
50
11
33
25
16
40
38
40
25
17
10
41
9

38
27
40
4
1
15
12
47
6
47
16
38
28
44
13
27
4
27
23
18

15
24
30
28
8
5
31
41
48
29
24
36
13
39
49
12
47
18
49
45

19
8
16
20
26
14
47
37
47
12
21
38
17
10
6
13
35
36
14
31

11
41
31
42
47
42
31
3
14
25
44
8
25
36
8
10
11
10
50
50

17
35
26
44
29
41
18
26
39
42
37
14
50
1
31
38
43
28
3
4

42
16
24
35
40
40
19
11
50
23
37
26
7
47
10
3
30
1
37
36

35
41
11
11
28
43
31
25
18
3
42
31
33
7
45
15
2
32
32
48

35
24
13
25
34
45
34
10
18
45
11
37
2
33
37
7
34
48
18
33

47
31
46
9
48
37
40
19
21
43
38
27
31
41
31
44
12
32
13
17

35
19
42
40
4
28
42
12
37
17
20
19
46
17
23
19
23
18
4
46

21
35
20
38
44
14
6
38
41
17
15
31
13
4
47
30
19
9
45
8

15
45
15
48
14
4
23
34
26
10
49
2
38
37
15
16
47
28
15
16

20
24
21
35
6
10
25
39
8
23
46
24
11
48
20
35
27
47
45
12

31
20
28
24
40
15
5
48
28
28
7
27
13
44
5
15
31
17
28
2

38
16
14
47
23
5
44
28
46
43
38
42
3
32
32
19
30
24
33
30

48
44
26
38
27
38
24
50
39
35
27
34
15
1
31
8
46
22
48
1

35
15
22
44
49
42
31
1
3
26
23
35
18
23
8
34
9
40
40
49

49
45
29
7
21
16
18
46
33
17
35
6
17
37
15
17
8
30
6
26

35
42
32
2
32
23
24
27
33
48
23
42
23
34
27
1
33
46
29
4

10
38
36
39
35
29
47
5
18
44
22
8
46
47
37
33
36
27
47
35

25
27
29
10
11
38
4
2
19
31
29
8
45
39
17
30
6
4
15
9

6
28
2
13
29
34
9
8
22
8
3
2
32
49
43
11
44
19
36
46

4
36
21
44
30
12
11
36
47
29
25
33
23
21
25
7
3
16
5
22

35
25
31
40
3
24
20
23
44
29
43
37
39
22
50
33
43
18
49
25

45
30
30
9
24
20
14
18
41
47
47
13
7
32
40
2
9
19
15
13

5
40
35
44
23
1
41
7
46
26
11
11
24
41
45
14
48
24
3
38

26
1
7
39
31
39
26
27
19
11
6
28
23
20
49
20
2
14
43
2

11
45
30
3
5
11
37
7
33
15
14
4
22
1
44
19
33
4
7
22

36
42
3
29
43
15
4
22
26
28
50
11
10
8
3
26
7
10
15
4

