95.0
100.0
85.0
95.0
90.0
100.0
80.0
95.0
100.0
90.0
90.0
90.0
95.0
95.0
80.0
100.0
85.0
95.0
90.0
100.0
85.0
85.0
95.0
90.0
100.0
85.0
90.0
80.0
85.0
100.0
90.0
85.0
95.0
100.0
85.0
85.0
95.0
100.0
100.0
100.0
95.0
100.0
95.0
95.0
85.0
85.0
85.0
95.0
100.0
95.0
95.0
75.0
80.0
95.0
100.0
95.0
90.0
90.0
85.0
90.0
90.0
95.0
95.0
95.0
95.0
90.0
95.0
95.0
85.0
90.0
95.0
95.0
95.0
90.0
90.0
90.0
95.0
90.0
100.0
95.0
100.0
60.0
90.0
100.0
85.0
85.0
100.0
90.0
85.0
95.0
85.0
90.0
95.0
95.0
90.0
95.0
85.0
85.0
95.0
90.0
