70.0
85.0
75.0
75.0
65.0
85.0
65.0
75.0
80.0
75.0
75.0
60.0
70.0
80.0
65.0
80.0
65.0
65.0
70.0
75.0
55.00000000000001
75.0
80.0
70.0
95.0
90.0
70.0
70.0
70.0
80.0
80.0
70.0
80.0
95.0
70.0
70.0
80.0
85.0
75.0
85.0
80.0
85.0
80.0
75.0
65.0
65.0
70.0
70.0
85.0
70.0
75.0
70.0
70.0
70.0
85.0
75.0
80.0
75.0
70.0
85.0
55.00000000000001
85.0
65.0
85.0
65.0
60.0
60.0
80.0
80.0
75.0
55.00000000000001
70.0
65.0
65.0
50.0
75.0
65.0
75.0
70.0
70.0
70.0
55.00000000000001
75.0
75.0
70.0
60.0
95.0
65.0
75.0
65.0
60.0
85.0
75.0
75.0
75.0
85.0
75.0
80.0
90.0
70.0
